58
1
1
87
0.5116697967
0.6653475885
0.6389633879
0.7641373851
0.7802582031
0.6678794945
0.8137855512
0.7236427190
0.5982432691
0.8209445511
0.9232332177
0.4072229075
0.4619339699
0.4132478915
0.6588377278
0.5077875290
0.2489071291
0.5738967505
0.5308329493
0.3869903389
0.1878776539
0.2458188731
0.6870269699
0.1782919910
0.6120050799
0.4091607788
0.6752033091
0.5179512008
0.3337234215
0.6144621479
0.2409150877
0.5135377965
0.0406472494
1.0034625369
0.4889821507
0.1803652356
0.5588313943
1.3254136806
0.6094996201
0.4656362128
0.2384639764
0.2796598649
0.7530919362
0.6900052141
0.5928049189
0.7771950204
1.2303611555
0.6279664437
0.9738376993
0.5537798185
0.6469544209
0.4707409954
0.1244576287
0.1535267460
0.5546082307
0.5124647784
0.4223287749
0.3399568492
0.4464144964
0.7757869903
0.8564270033
0.7466584457
0.6695798446
0.7436159360
0.6984262642
0.7343289464
0.6791723010
0.7371432389
0.7770865700
0.7610830441
0.7194527912
0.7786205487
0.7850021055
0.7429277095
0.7715585570
0.8956537314
0.8700367858
0.8355575789
0.6723544308
0.7934397387
0.9000584133
0.8310169600
0.7989569964
0.7149411432
0.5823955597
0.4578369816
0.9114347186
0.8776825121
0.7545179534
0.7036900588
0.4817915795
0.8842237327
0.7378103734
0.7714433446
1.0494586929
1.2121121585
0.7889811716
0.6410514096
0.7781262383
0.7873990153
0.6937616280
0.8907866321
0.9457728082
0.7949506586
1.0136718311
0.7853358195
0.7788174012
0.9920883178
0.9946005810
1.0666705987
0.8215260621
0.8646393729
1.0633566044
0.8421077322
1.0280854073
0.8839058837
-0.0631731674
-0.1088204011
-0.0193622522
-0.0259005204
-0.0401328914
-0.0643313602
0.0385965742
0.0154159563
0.2027813643
-0.0861859992
-0.0769355074
-0.1953741014
0.1218342558
-0.0852712393
-0.1323781759
-0.1897022873
-0.1447128356
0.0504969731
0.0862601399
0.0538582541
-0.1057894602
0.1235681176
-0.0153516037
-0.1793516725
-0.1075498536
0.0573067032
0.0393053256
0.1626326740
0.1574566960
-0.0244084895
-0.0605984554
-0.0641565919
-0.0813982040
-0.0257489346
0.1499470174
0.1427095979
0.0642260835
0.0659652650
0.1851892024
0.1720033884
0.2512948215
-0.0511957407
-0.0757147148
-0.1192632020
0.0596536137
-0.2249558121
0.1008279324
-0.0633480921
0.0945515558
-0.1695838273
0.1230175495
0.0643782020
0.0252154730
-0.0294786822
-0.1620880365
-0.1191305816
0.0434325188
0.1727803349
-0.1597339660
0.1714804918
0.0287959427
-0.3214828670
-0.0700310320
-0.1062558740
0.0238340255
-0.1195624322
0.0264394153
-0.1564185619
-0.0790727586
-0.0243468843
-0.1709339470
0.0787463635
-0.0472274534
-0.0459907129
-0.1275415421
-0.1338098943
0.0629872009
0.2488729060
0.2486483455
-0.0034907178
-0.0851369053
0.2123824656
-0.0034189895
-0.1012843549
0.0402118601
0.0548405759
0.0473945253
-0.0160401165
-0.0902109742
0.2024661154
-0.0235205423
0.1396360993
0.0173355024
0.1649789959
-0.0119972900
0.0756719783
0.4031514823
-0.2128722966
0.0060603917
-0.1846375763
0.1281696409
-0.0049952269
-0.1846138686
0.2481696606
0.1275275499
0.1880916208
-0.1141290143
0.0198305734
-0.2144980729
-0.0945582911
0.0244134031
-0.1206600741
-0.1288201809
-0.0461064838
-0.5119075179
-0.1275695413
0.0170160271
0.0880748481
-0.0112719210
0.1307717562
-0.1491762847
0.0386620089
-0.2251963466
-0.0358531438
-0.0338357687
0.1673769653
-0.1933748573
0.0925799459
-0.2164946049
-0.0358971655
0.2169599980
-0.1584577113
0.0164905023
-0.1650429517
0.0938032717
-0.1337183565
0.1907633841
0.2322015464
0.1313838214
-0.1406965256
-0.0748293921
-0.0107421642
-0.0981464610
-0.2453775406
0.1142905578
-0.0647701174
-0.0888470858
0.1355231851
-0.1144960746
0.0350408405
0.1490110010
0.0047556185
-0.0073554064
0.0034470661
-0.2305863053
0.1007015854
0.2210299969
0.0785458311
-0.1587978005
0.1507488489
0.0055599310
0.0514469147
0.0986767560
-0.1724538654
0.0347652473
-0.0012126572
0.0323576033
0.1300736517
0.0443990789
-0.2560796440
0.0756166205
0.0010298406
-0.1422378123
-0.0715397075
-0.1754644066
-0.0294310041
0.1509978026
-1.6878365278
0.0447702855
-0.0832273513
-0.1592330933
-0.0378080197
0.0452447571
0.1917836070
-0.0336859226
0.0427061468
0.0528226756
-0.0935632661
-0.0017641723
-0.0359308906
0.0665410236
-0.0418223292
-0.2120477855
0.3604955673
-0.1762814373
-0.0630780607
0.0638705716
0.3166852891
-0.0814650729
-0.0132593820
0.0491280891
-0.0714409724
0.0688168481
0.1621574908
0.2592194378
-0.0148484604
0.1547018886
0.2032000571
0.3278894722
0.1406911761
-0.0813112110
-0.1912292838
0.0516485423
-0.0391355120
0.0907519609
0.0689091757
0.9943195581
0.0039527966
-0.0130166756
0.1237713173
0.0132502820
0.0606827177
-0.0827984139
0.1384878904
0.0239628572
0.0265503004
-0.1663340628
0.1735765487
-0.0742739588
-0.0738549978
0.0246442519
-0.1186159402
-0.1079031453
0.1642842144
-0.0439715385
-0.1385138184
0.1165405586
-0.1511990577
0.0901756212
-0.0684005618
0.1642299145
0.0612474643
0.0298312325
0.2355417758
-0.0528373346
0.0396737866
0.1598560214
0.1660576016
0.0064224573
-0.0029890554
0.1586167216
-0.1007200181
-0.1929489970
0.0200004093
0.1197043285
0.3469837010
0.0004424211
0.1695256382
-0.2362910658
-0.1415064186
0.1650887430
-0.0167606045
-0.1676288396
0.0466965996
0.0858468711
-0.1829857975
-0.2480846345
-0.0975777581
-0.1361537427
0.1092246100
0.2403669804
-0.1638441086
-0.0152145103
0.0263882782
-0.1142902225
0.0071998131
0.1118346974
-0.0950506255
0.0049853441
-0.0230818540
-0.1541174203
0.2389634401
-0.1746891439
-0.2228641659
0.1373765469
-0.0016400288
0.1385061145
0.0001989695
0.1927974820
0.0277164169
-0.0647533387
0.3308903277
-0.0930173919
-0.0007658681
0.1346240342
1.9781562090
0.1151012182
0.0545315519
0.0289697703
0.0974740535
-0.0039080931
-0.3016585410
0.2956463397
0.0627739802
0.2307889611
-0.1526165307
-0.5874621868
0.0785486177
0.1115948856
-0.1246818155
0.0195818078
-0.2841567397
0.2458977401
0.1886941493
0.2422273606
-0.0602446720
-0.0459120348
0.0019978320
-0.2343917489
-0.0062722662
-0.0464580320
0.0731552020
0.1053686813
0.2251232117
-0.0800546557
0.2302021235
-0.0056535997
-0.0238960907
0.0555012189
-0.0689231753
-0.4067695141
-0.0354164019
0.0415924527
0.0466694161
-0.0876966640
-0.1051737815
0.0235256720
0.0737597570
-0.2988179624
-0.0190100167
-0.0499407127
0.0936750323
-0.0027679035
0.0521403477
-0.0490493923
0.0165468045
0.0249995012
0.0085539240
0.0755515620
0.0337996371
-0.0003587423
0.2012317479
0.1387666911
-0.0210720375
-0.2894809246
0.2670647204
-0.0610223934
-0.1249649450
-0.0331177190
-0.1205632240
0.3525267839
0.0640085489
-0.0062812599
-0.2201606333
-0.0590272918
0.0972267836
-0.0856470317
-0.0149181727
0.0690597221
0.1025084406
0.1514547467
-0.0324285477
-0.1570729017
-0.2742731571
-0.1449332684
-0.0093838079
0.1029271111
-0.3075881898
0.1340018064
-0.0621585511
0.0345125906
0.2171285301
-0.1145175919
-0.0896938443
-0.0011663252
0.1544796973
-0.0738710538
-0.0365470089
0.0270679146
0.0817800686
0.0274283867
-0.2496821284
0.0032873214
0.1721657217
0.0587320887
-0.3646138906
-0.1066741124
0.2637075484
-0.2775217295
-0.2308521718
-0.2437364608
0.1199769452
0.0439975373
-0.0034426413
-0.0107526556
0.1485477835
-0.3587014675
0.1315597296
0.1148884445
0.0386755280
-0.1192379296
-0.1817797571
-0.1756155789
-0.2104386836
0.0626274571
0.0100499541
0.0372646861
-0.0888015330
-0.3038689494
-0.2818560898
0.0028569356
-0.0576544665
-0.3306454420
-0.0140674841
0.2774269581
0.2518614233
0.0964901522
-0.0265387688
0.0618184097
-0.2603415549
-0.2267284542
0.0551825762
-0.1594005525
-0.0157114584
-0.0548147298
-0.1383908093
0.0173629168
-0.0239819363
0.1482124776
0.1013921872
-0.0957687795
0.0837936699
-0.1818221211
-0.0294252299
0.1330237240
0.1474592388
0.1317499280
-0.0207808688
-0.1705529690
-0.1323760152
0.0014928846
-0.0456407368
-0.1151058525
-0.2322599441
-0.0879125893
-0.2948872745
-0.5654059052
-0.0449708514
-0.2259482294
0.1312759072
-0.1554509252
-0.1154430658
0.0168178901
-0.1759760529
0.0033456567
0.1311714202
0.0471372232
-0.0915399343
-0.1583003104
0.0765003413
-0.0678714216
-0.0522048995
-0.1125270799
-0.0719849318
0.0668357536
0.2132039070
0.1896314770
-0.0727619827
0.0239114761
-0.1047183275
-0.0955403000
-0.0930170193
0.1114428490
-0.0802540332
-0.0725385323
0.0799322650
-0.1594119519
-0.2247120291
0.1020246968
-0.1750246584
-0.1269041449
-0.2132354677
-0.1649015099
0.1669326723
0.1345546842
0.2251600325
-0.1143820807
0.0060665859
-0.1183529273
0.1114897951
0.1339393109
-0.1631942689
0.0819683969
-0.0021795204
0.1052876189
-0.1366440207
0.1460813582
-0.1315632761
0.0039441702
0.0396966152
-0.0740413740
-0.3037379086
-0.0805833712
-0.0302388538
-0.2406574190
0.0870606676
-0.2481580228
-0.0317800753
0.0116377529
0.0595466420
-0.0717236847
-0.0210742299
0.0895131975
0.0803603232
0.0217892472
-0.1591361016
0.1443648934
0.0685132444
0.0788340196
-0.1321938783
0.1848231703
-0.0801991150
-0.0092023062
-0.0552453920
-0.0007336945
-0.0067665214
-0.0462214537
-0.1530213505
0.1210733354
-0.1078321710
0.1432867497
-0.2065096200
-0.1019546166
-0.0749748647
0.1167852357
0.1988109648
0.1276407540
-0.0742611364
0.0924451724
-0.1134136915
0.1063471213
-0.0285129063
-0.2673377991
-0.1921414733
0.0974911302
-0.0574111678
0.1603754610
0.1430388838
-0.0609514154
-0.0367604755
-0.0635444894
-0.0860230178
-0.1972981691
-0.1027954146
0.0539519228
-0.1372375339
0.0360899121
0.1577976942
-0.1782538295
0.1202874556
-0.1842943877
-0.0171713084
0.0875611156
0.0096814111
0.1320344806
0.0822071359
-0.0426528156
-0.1286529154
0.1791082174
-0.1538617611
0.1427002996
-0.1703684926
-0.0679743811
0.1193115339
0.1610882282
0.1220431104
0.0676488206
0.0835598856
0.0524214394
-0.0465637445
0.3828800321
-0.1725322902
-0.0162302926
0.0735441297
0.0800680071
-0.1421393603
-0.1304302365
0.0507746041
-0.0262535103
-0.2424003184
0.0006413523
0.0753284246
0.2619574368
0.2328436673
-0.0649685040
-0.2240093648
-0.0653606206
-0.0376283452
0.0025369711
0.0667868629
0.0403709859
-0.0751443431
-0.0359404683
0.3439212739
-0.2551420927
-0.0541286767
-0.1204205826
-0.2249275744
-0.2593112290
0.1896666139
-0.2797925174
-0.1150940657
0.0553476363
0.1269950718
-0.0083193891
0.2332026064
-0.0793805867
-0.1340554208
-0.1115924120
0.3196086586
0.0303488728
-0.0285181999
-0.1428327709
-0.3406852186
-0.0453661308
-0.1777932942
-0.1110954806
0.0820801780
-0.0534099042
0.1469049007
0.0854081586
0.0868398026
-0.1276415884
0.1383875161
-0.0321124904
0.0680036545
0.2948607206
0.1424826086
0.0581429377
0.0369657204
0.0000777266
-0.1075121164
0.1318771988
0.0968687087
-0.0561936647
0.2198200524
0.0181923434
0.0353870839
0.0714558735
0.0889961421
0.0030021789
0.0705986172
0.0032793249
-0.0342994370
-0.0937364697
-0.0048877192
-0.0093952222
-0.0461390279
-0.2016808689
-0.0679800585
-0.0277906600
-0.0087893540
0.1186450124
-0.1672613323
-0.0290946253
-0.0718515739
0.0186540280
0.2321960330
0.1308820248
0.0940846577
0.0297764540
-0.1263224483
0.0111609902
0.0925312713
-0.0260101780
-0.1137187183
-0.2365091592
0.1754198372
0.0902627632
-0.1313465238
-0.0983445719
0.0798749477
0.1652003080
0.1534128934
-0.1365589201
-0.1763276309
-0.0164028779
-0.0002634148
-0.0343723185
0.0640366152
0.1873220354
0.1735262275
-0.1356738210
-0.0170871094
0.0415242612
-0.1897611171
0.1335019618
-0.0693392754
-0.0571004376
0.1847044826
-0.1103343368
-0.1266416609
-0.1240571067
0.0013583302
0.1153771654
-0.1039631590
-0.1269890517
-0.0787919089
-0.1903399229
-0.0943138227
-0.0392669924
-0.1030090898
-0.0649879500
-0.1002899855
-0.1774364561
-0.1375511438
0.2179123759
0.0624359548
0.0912970155
-0.2013707161
0.0968713537
0.2440590858
-0.1018566638
-0.0744058043
0.0612033904
0.0725653321
-0.0839144215
-0.0005073890
0.0369932428
-0.1170274168
-0.1970990151
-0.0549241416
-0.1440769583
-0.1211409718
-0.1199348867
0.1067008823
0.0635719970
0.2772788107
-0.0562061481
-0.0517513156
0.1003725305
0.0716890171
0.0201668609
-0.2560114861
0.0284061730
-0.2235869765
0.0606730841
0.1329245418
0.1148322374
0.1710953414
-0.0230053253
-0.0153058907
-0.2482486367
0.1916721016
-0.1425440311
-0.2792621255
0.0522090755
-0.2464336306
0.2854589224
-0.0834214389
0.0706015825
-0.1145509556
0.0517039970
0.0919028893
-0.1185895577
-0.0020566010
0.0693551078
-0.0183311980
0.0871179253
0.3605586290
0.0417005084
0.0676861033
-0.0890511647
0.2672055960
-0.0881691277
-0.1425668597
-0.1676303893
-0.1191125736
0.0046070362
-0.0861152858
0.0300016105
-0.1695507169
0.0536446311
0.1957438439
0.2323423624
-0.0748780221
-0.1067329496
-0.1352962255
-0.1586842686
0.0314340442
0.0599348173
0.0002059481
0.0108092576
-0.1113629937
-0.1087366045
-0.2815876901
0.3312211931
0.0399276987
-0.1221572831
0.2890129387
-0.1152687147
0.1156196520
-0.1525056958
-0.1355933547
0.0911877230
0.1857921630
0.0588826276
-0.2385904342
-0.0355811417
-0.0502507240
0.0035140845
0.1651650071
0.1634275317
0.0177882127
-0.0954490826
-0.1230989248
0.2457841933
0.2184050530
0.0836493224
-0.0021473938
-0.0496456735
0.1200849786
0.0100576058
-0.1203128994
-0.3045536876
0.1710835248
0.1680405587
0.0269668084
0.1392876655
-0.1245452240
0.2486326545
0.0152705796
-0.3123712540
0.1848925054
0.0393932015
-0.1859061420
-0.0417336188
0.0147181181
-0.4978282750
-0.0428178087
-0.0626356304
-0.0949342474
0.1095741764
-0.2055893093
-0.1276403964
-0.0384812988
-0.0876157433
-0.0556300394
-0.0977061242
0.0445050076
-0.1577140391
0.0606070608
-0.1721682698
0.0125960950
0.0304096714
0.1056461111
-0.0819328502
-0.2083367109
0.1265385002
0.2721017599
-0.0686412156
0.0627936497
-0.1483608335
-0.0277092699
-0.4974856973
-0.0173944756
0.0101333149
-0.0023336804
0.0696804821
0.0593967140
-0.0033057434
0.0430575237
0.0167524051
0.1588023454
-0.0027414637
0.1446488053
0.1540137082
-0.2710539103
-0.0172680989
0.1173612252
0.0936825797
0.0320877917
-0.0696016178
0.1670096666
0.1945259869
-0.1214109287
0.0415251814
-0.1839047670
0.0315529555
-0.1387192458
-0.0680777505
-0.1412414163
0.3691546321
-0.0534941629
-0.3489621878
-0.0577537231
0.1428810209
0.2159550339
0.0608194694
-0.0233001821
-0.2136778980
0.0862444043
0.0045622950
-0.0459372774
0.0968880206
0.1371180117
0.1024268419
-0.0800118819
-0.0344944634
0.1962711811
-0.0549128056
-0.1068108901
-0.0738757253
-0.2524074912
-0.2098982632
-0.2416810989
-0.0699493587
0.1924103945
-0.0391478501
0.0617731586
-0.5136190057
0.0877052397
-0.1019496173
0.2007503659
-0.1406626105
-0.0349432789
-0.0402598158
0.0108983070
0.0328408107
0.0999603197
-0.0339021124
-0.1251824796
-0.4521857798
0.1405737549
0.1169063821
0.1590954512
-0.0322216004
-0.1597688943
-0.0186654273
-0.1013042480
-0.1737868786
0.0988673717
0.1768383086
-0.1381798685
0.1315080822
0.0619632527
-0.0549558140
0.0514263697
-0.0260137990
0.2595343590
-0.1236958057
0.0260772742
-0.2031652629
-0.3054987192
0.0268700663
-0.0786337778
0.1310783476
-0.2302425653
0.1578186154
-0.0906296968
-0.0384214707
0.1166390404
-0.1428541839
0.1868642122
-0.0956016555
0.1220514923
0.1546706259
-0.0245264154
0.0818765908
-0.0252662171
-0.0401757360
-0.1749309301
-0.2349907905
0.1756027788
0.0715819299
0.1724155992
0.0842230022
-0.0052409796
-0.1266128719
-0.0729057044
-0.0924328566
-0.2121525705
0.1633349806
-0.2360575646
-0.2628426850
-0.0265857428
-0.1826631427
0.0804295018
-0.1341589987
-0.0499916077
-0.1674902886
-0.2155195028
-0.1116927862
1.8993693590
-0.4207024574
0.1411013305
-0.0814652890
-0.0929717943
-0.0456108861
-0.3661274314
-0.1192529947
0.0702286139
-0.0950679779
0.1951015443
-0.1344240457
-0.1408270299
-0.0863137320
0.0095653320
-0.0992438942
-0.3066817522
0.0152487308
-0.1510827839
-0.0302334726
-0.1881539077
-0.1454111040
-0.1284476370
-0.4397139549
-0.1053046659
-0.1765183210
-0.5691277385
0.2067391872
0.1609166116
-0.0772392824
-0.2557738721
-0.0902859122
-0.1225582063
0.1142036244
0.0551344454
0.0932982862
0.1431517452
0.1459670067
0.0801365077
-0.5046662092
-0.1106279269
0.0021774194
-0.1258647889
0.4684525132
0.0870565623
0.1103605404
-0.0718657970
-0.0235656220
-0.0009894439
-0.0741360709
-0.2293686271
-0.0608583167
-0.0170738101
0.2784696519
0.0074793533
-0.0538602434
0.0611734986
-0.0203789491
0.0866383165
-0.0050760978
-0.4126046896
0.0787048042
-0.2145085782
-0.0402039476
-0.0496719927
-0.2145007402
0.0518864021
-0.0608930252
0.2289057821
0.0070750182
0.0098288311
-0.1389706135
0.0408105515
0.1641207188
-0.1170772985
-0.1823002696
-0.3328692615
0.1493919641
0.0446193889
-0.1979616284
0.0574076958
-0.2418427765
0.2008474171
-0.0231537949
-0.1770919412
-0.3085679114
-0.1154004335
-0.2445137948
-0.0931228846
-0.2220391482
-0.0233111642
-0.0645572543
0.0910174251
0.1117383316
0.2657411993
0.1245659888
0.2163298577
-0.0424344838
0.0691261739
-0.0377458334
0.3269841671
0.1514809877
-0.0895801559
0.0479471423
-0.0277072135
0.3220247030
-0.1569390446
0.0789233372
-0.3036648333
0.3440802693
0.0938509703
-0.1471818835
0.1267132759
0.0171778146
-0.3547928929
0.1728448123
0.1949180663
-0.0082232608
-0.0339814685
0.1475240588
0.0244664326
-0.3705016971
-0.1000824347
0.1777002066
0.2544596791
0.0719851330
0.3004530668
0.1758324653
-0.1056200489
-0.0411955640
0.0863715187
-0.0569101386
-0.1104223132
0.1645023823
-0.1070249602
-0.1480366290
0.3404135406
0.1157040149
-0.2054294497
-0.0108829597
0.0285562389
-0.2154919058
-0.0311425366
-0.1491088569
0.0103102503
0.3279598355
-0.0801976770
-0.1108235419
0.4436765909
-0.1104758754
-0.1242739335
0.1568330973
-0.0622822568
-0.3000882268
-0.0488024428
0.2200190127
-0.0617552213
0.1045163572
0.0846926644
-0.0963853598
0.1087088510
0.0969586000
0.2355058193
-0.1686393917
0.2480057627
-0.0853844583
-0.0266515780
0.0232324526
0.0508134179
-0.0027400868
-0.2311621606
-0.1934552789
-0.1291695833
-0.2168737948
0.0320931524
0.1080676094
0.1448312402
1.0414323807
-0.2470787317
0.0011724252
0.1060077995
0.1054510996
-0.0452913716
-0.4144835472
-0.1702429652
-0.1595788002
-0.1388286203
0.2034227252
-0.0932666287
-0.1634339392
0.0232051518
-0.1285023242
0.0751537457
-0.1481947005
0.0902221054
-0.0213188864
-0.1344375759
-0.1976165026
-0.1402122825
-0.0187826678
-0.2495185584
0.1124863997
-0.0994828492
-0.2979793847
-0.1094467267
-0.0530212224
-0.0890540108
-0.1016272157
0.0265364423
-0.0975645110
-0.0292769428
-0.0883415118
-0.1147491410
0.1364415586
-0.1343435347
-0.1549391747
-0.1004390046
-0.1007382646
-0.0598490760
0.1717651635
0.3286074102
-0.1997029334
0.1042670459
0.0069372151
-0.0278024618
0.1267586499
0.1437428445
-0.2719515860
0.2374394089
0.0253787804
0.0182758532
-0.0314779617
0.1504269689
0.1182381138
-0.2017930150
0.1119644418
-0.2287430167
-0.0144314039
-0.3950658143
-0.3334963322
0.0762833580
-0.0829351544
0.1778953969
0.0564302206
0.1951430738
0.1313939095
-0.1113886014
0.2058316469
-0.0477564223
0.0508092381
0.1586823910
-0.0540538281
0.1933379322
0.0461665466
0.0155433584
-0.2535065114
-0.0344804898
-0.0228348393
-0.0653409213
0.2695194781
0.1854446232
0.2113294452
0.0097754402
0.2641562223
0.0572571829
-0.2127407789
-0.0108267805
0.0384473577
0.1363064796
-0.1541922688
0.2829377949
-0.0143375220
-0.0145605206
-0.2126177251
0.0106891869
0.0892783627
-0.2572782934
-0.2517060935
-0.1343750358
0.0091337040
0.0395955667
-0.2091439068
0.0391956903
-0.0338980667
-0.1613562107
0.0933037475
-0.1734849364
0.4107075930
-0.2680743039
-0.2423354983
-0.1323703527
-0.4196639359
-0.3294276893
0.2141521126
0.1195447147
-0.0620262697
-0.0484861471
0.0184496976
-0.0451557823
-0.1091271564
-0.1103169695
-0.0633793846
-0.0304388870
-0.1676041931
0.0321288034
0.1209072396
-0.0652992204
-0.0049957950
-0.1338251829
-0.1067124680
0.0750449076
0.0275833402
0.0686352178
0.1056832597
-0.0792865753
-0.0658020228
0.0760356933
-0.0249333307
-0.0778925493
-0.0191583857
0.0795556158
0.0418267734
-0.0677991509
-0.0834040940
-0.0458502583
0.0160418712
-0.1028677449
-0.1917991340
-0.0565006882
-0.0123482775
-0.1551846117
-0.0566067733
0.1581274867
0.1303108782
0.0697925985
-0.0588364191
0.0050615720
-0.0871008337
0.0080324253
0.0439052433
0.0561818406
-0.1650007218
0.1783234179
0.0261835363
0.1325491220
-0.1682192236
-0.1587603241
0.1633949429
0.0515575968
0.1685054153
-0.0619498640
0.1315627247
-0.1713207811
0.1110324338
0.0248919073
0.0084183700
0.1014883444
0.1502397954
-0.1153596938
0.1067782193
-0.0005102823
-0.0032644938
0.0341383666
-0.1685968637
0.0736389309
0.3532953858
0.0326672010
-0.0820461735
-0.0880137682
-0.1601572037
-0.1130081192
-0.1696880162
0.1762567759
-0.1060469225
-0.0737050623
-0.0749583095
0.1253455132
0.1053496003
0.0913267806
-0.0892644227
0.1893182099
0.0956540629
0.2647963762
0.0958576202
-0.0482782982
-0.0315235779
-0.1577639729
-0.0052282703
-0.1099616587
-0.0663859621
-0.0333051980
-0.1221603006
0.1885154992
0.0828626975
0.3334169686
-0.0367464423
0.1007234827
-0.1716007888
-0.0397482216
0.0166613683
0.1162814796
0.1272279918
-0.0180707276
0.0884196758
-0.0440802574
0.1268968880
0.1929324418
-0.0097698942
-0.0920225903
0.0326778367
0.0270118043
0.2508082390
-0.2587294877
1.4644515514
-0.1136232764
-0.1979394406
-0.0790744722
0.0748874471
-0.2107076198
0.0923201293
-0.1661304832
-0.3247978985
-0.3543722928
0.0634532943
-0.0963233784
-0.2872281373
-0.1109470651
-0.0132709863
0.2833091021
-0.4745025337
-0.1175379455
-0.0934265405
0.1973332912
-0.0394921564
-0.1314910501
0.0062990421
0.1452877820
-0.0658254921
0.0320115313
-0.6539893150
-0.2861284018
-0.0533560216
-0.2189371735
-0.1187668070
-0.0418327972
-0.2246932536
-0.1157308295
-0.0145670772
-0.2502341568
0.0300095305
-0.0587193407
-0.1992918104
-0.0324901938
0.0523037091
0.1284874678
-0.1013923883
0.0843886063
-0.0225442294
-0.0123336567
-0.0937584043
-0.0363306403
0.0171249676
0.0698779225
0.0891978443
-0.0648784563
-0.0562525131
-0.0121518523
0.0125974538
0.0043863016
-0.0459595919
0.0494781546
-0.0332505815
-0.7848320603
-0.0781946480
-0.1275834292
0.0066457395
-0.0679446310
-0.1946560889
0.1819290370
-0.2838116288
-0.3438004851
0.0033967886
0.0646708459
0.2356622517
-0.1292554289
0.0660481304
-0.1440613121
-0.2351653725
-0.2179693133
-0.0813535899
-0.1269837469
-0.0963551253
-0.1143256798
-0.0034815343
0.1645077169
-0.0323025174
0.1169159412
0.1566119641
-0.1260785013
0.2633185387
-0.2700918019
-0.1501133442
-0.0501817390
0.1135110259
-0.0044324938
0.0912790522
0.1815440208
0.2527433634
0.1909114122
0.0146261202
-0.0529454462
0.0676095560
-0.1578976363
0.0661899373
0.0940008387
0.3424976766
0.0155289453
0.1274759620
-0.1010149270
0.1138234735
-0.0000472586
0.0640995577
-0.1604791731
-0.0480327792
-0.0530327596
-0.0823061243
-0.0490640327
-0.1153231412
-0.1068730354
-0.1000251472
0.0356487148
0.1943220943
-0.1205280274
-0.1226968244
-0.1177380979
-0.1840825230
-0.0181922577
-0.0061646430
-0.0125984438
0.2027324140
-0.0803911239
0.1153330803
0.0424134992
0.1840337962
0.0917930529
0.1068973914
0.1231386885
0.1590666324
-0.0241389032
0.1167189330
-0.1533403099
-0.1623512954
-0.0461883545
-0.1500144899
0.2011806965
0.1163617820
0.2408063561
0.0615159832
0.1068232358
-0.1012817472
-0.0257978085
0.0860679150
0.1950140148
0.1490720809
-0.1319955438
0.1458255351
0.1177501827
-0.1554016471
-0.2751269639
0.0877440646
0.1502776742
-0.0928256810
-0.1149045378
0.1570769697
-0.2000925392
-0.0743767917
-0.0446141250
0.0904520825
-0.1628315002
0.0607198700
0.0976814628
0.1293139011
-0.1306068748
0.0739824697
-0.1707695425
0.2170247287
0.0580197424
-0.0664841682
-0.1042714044
-0.0379658937
0.4217228889
-0.2824454308
0.1498652250
-0.0804352909
0.1339148134
-0.2211499512
-0.0495162010
-0.2305952460
0.1787454933
-0.2490084618
0.3551367819
0.1288838387
-0.2827776670
-0.1351540238
-0.0510663129
0.2885237038
-0.1542007178
-0.0855945349
-0.1601151973
-0.0762291700
-0.0000584454
-0.1671767682
-0.0463519245
0.1267403513
-0.0313935503
-0.1884668916
-0.3707571030
-0.0634726360
-0.2129017115
-0.2840437889
-0.3350308537
-0.1587466747
-0.0348059125
0.1642097682
0.0330551304
0.0229731090
-0.1347310990
0.0379425883
-0.0044379486
-0.0793293193
0.0287321173
0.0670205727
0.0664755479
-0.1235646605
0.0491680317
0.1596698761
-0.0149429673
0.0618872456
-0.0749812201
0.0108642848
0.0021644372
-0.0141647179
0.0880808756
-0.0439152159
-0.1986257881
-0.2133169621
-0.0022424404
-0.1402342319
0.0063856826
0.3026780188
-0.1941987276
-0.2143728137
0.1877983510
-0.1880412400
0.1211999804
-0.1454481184
-0.1284746528
-0.0456886627
0.0418434739
-0.2424794734
0.0040180846
-0.0223537888
0.1356870830
0.0210150834
0.0971522778
0.0322689377
-0.0749980882
0.0742065981
-0.0455654562
0.1138601601
0.1491949260
0.1062461287
0.1519895643
-0.0399884842
-0.1253021508
0.1166341901
-0.0811174586
-0.0444773696
-0.0489179753
0.1029194370
0.0353473648
-0.0173239093
0.0216633547
0.0242444277
0.2145600319
-0.0458219945
-0.0517574921
-0.0582356490
-0.2201748639
0.0913971737
0.0914423466
0.0470306911
-0.2699928880
-0.1719259173
0.0242977254
0.0778328553
-0.0946148112
-0.1234925017
0.0974584296
0.0624655411
-0.0409026891
-0.1347370446
-0.2562839985
-0.2360894233
-0.1702447683
0.1229800060
0.1048280448
-0.0266912319
0.0320087299
0.2506210208
-0.1456498057
0.2639194727
0.0440088287
0.0688026845
0.2318071723
-0.0344151706
-0.0265980512
0.0013123645
0.0693463385
-0.2043701112
0.0682098195
0.1361264139
-0.2054684162
-0.2517965138
-0.0501771085
0.1267448664
0.0253754947
0.0798109099
-0.1213084981
0.1745162159
-0.0385110341
-0.2352971584
0.2710088789
0.2970523238
0.0948308930
-0.1147122085
0.3595543206
0.0680669919
0.1980955452
0.4707202613
-0.0529120974
0.0436817110
0.0103280554
0.0801516697
0.0313432701
-0.0291835386
-0.1492384821
-0.2913914621
-0.0677322373
0.0150421113
-0.0206227656
0.2526510954
-0.1248522252
-0.1125497445
0.1398464292
-0.0211360566
-0.0619612485
-0.2341426760
-0.3460854590
0.0520488061
0.0075624734
-0.0294459946
0.0555184148
0.1076726988
-0.0181155372
-0.3874242306
-0.0922929496
0.1327187568
0.1254879385
-0.1341868788
-0.0829295814
0.1597644985
0.1989282370
-0.0639184192
0.2085466087
0.1906994581
0.0189915746
-0.0784319714
-0.2924343944
-0.1019858047
-0.0111850547
0.1034970134
-0.1693847477
0.1320756674
-0.2607927322
-0.1620131731
0.0664995909
0.1833624840
0.1630376130
0.2267315388
-0.1169130579
0.1234775111
0.1066038534
0.2572589517
-0.0015909622
0.3542460203
-0.1305838078
-0.1490315497
0.4389500618
-0.0385794975
-0.0847907215
0.1951262653
0.1628493220
-0.1889900714
-0.2814248204
-0.2725978494
-0.4473613501
0.0543438941
-0.0797694996
-0.0161842946
0.2825674415
-0.0558938123
0.2421180159
-0.0952364504
0.0698192269
-0.0951673388
0.1472854167
-0.0612746738
0.0408464074
0.2213863432
-0.1791749448
-0.0004592993
0.1991723627
0.1795475781
-0.1690013409
0.1222436056
0.1931744367
0.1502075493
0.1269914806
0.0015126866
0.1614999324
-0.1948453188
-0.0401305892
0.1491126418
0.1780843586
0.0514653586
0.1777624041
0.1318492591
-0.1342466921
0.0030898736
0.0905325562
0.0034982630
-0.1762304753
-0.1648669243
-0.1244501844
0.1666063219
-0.1753558964
0.1964179724
0.1687168628
-0.0214221776
0.0322651900
0.0986391082
0.0540964231
0.1962640584
-0.1436466128
-0.1947838515
0.1938022375
-0.0628904775
0.0427281000
0.0566036180
0.0926913917
-0.1521779746
-0.0804804415
-0.1987241358
-0.1610651463
0.1127220392
0.0844701901
0.0720398501
0.0059278752
-0.1787810624
0.1880004406
-0.0787631571
0.1989042014
-0.1471716613
0.0132296523
0.1118524596
-0.0903992504
0.0523129255
-0.1612681597
-0.1839464456
0.1183592975
0.0858225003
-0.1033755764
-0.1687327772
0.0462532602
-0.5468282700
0.0016529656
0.0351843350
0.0625998080
0.0878645256
-0.3711308837
0.1257324368
-0.0054596867
0.2228041887
-0.1746563166
0.2740930915
0.0658441037
0.1071801409
0.1098812968
-0.1134009361
0.0828280002
0.0044774925
-0.1632882357
-0.1526245922
-0.0582902916
0.1103979796
0.0492438525
-0.1017951816
0.0940538645
0.0709260181
0.1651325971
-0.0675585270
0.0548205152
0.0174216237
-0.0204133485
0.0754932016
-0.1161642745
0.0780010819
0.0279537141
0.0518935136
0.2183950394
0.1398625076
-0.0489984825
0.1605234444
-0.2288064212
-0.0170752257
-0.0670136064
-0.0619738102
0.0591289923
-0.0342554525
0.0566895641
-0.0693743974
-0.0738802105
-0.0317338109
0.0238979999
0.0676231310
-0.0046203593
-0.1082152724
-0.0693948716
0.0468978137
-0.0706561357
0.0623049773
-0.1518895477
0.1414169222
0.3338381648
-0.0790193826
-0.1942103058
0.0891713351
-0.2827872038
0.0502304472
-0.0383862630
0.1668628901
-0.0280950870
0.0992414877
-0.2396155596
-0.1404388100
-0.0182669051
-0.1582217962
0.1252730191
-0.2303169370
0.1665795445
-0.0361671522
0.0448911376
0.2493802607
0.0369483382
0.0915645510
0.2619394064
0.1133696958
0.1777683198
-0.0122004617
0.1708876640
0.1976453960
0.1471366137
0.1159481853
-0.1946368217
-0.0345590785
-0.1648565829
0.0871779099
-0.2295715064
-0.0318736807
0.0383802801
0.2127459198
-0.0805999935
0.1842518300
-0.0079503302
0.4584295452
0.2278585732
-0.2348537892
-0.3748260736
-0.0800679103
-0.0178805329
-0.0136854388
0.1086446866
-0.0495368242
0.0537301563
0.3330419064
0.3870886266
-0.0639964342
-0.0530824810
0.1311755031
0.2338922769
-0.1125917360
0.1196461245
-0.0543016940
-0.1091008037
-0.2040933669
-0.2954969406
-0.1467090845
-0.1191713363
0.0828033835
-0.0181640387
0.1818949580
-0.0202565119
0.1840693653
0.1451630890
0.0784052387
0.1033344567
0.1551259309
-0.0147906914
0.0914876238
0.0365232378
0.2547644973
0.0970299393
0.0627263263
0.1486035585
0.1454787701
0.2729986310
-0.2442243397
0.1908398867
0.0935634077
0.0585439056
0.0054180990
-0.0532596000
-0.2446529120
0.3105932176
-0.0140390713
0.0449047834
0.2688821852
0.1151177511
0.0782500207
0.0114558786
0.0448186621
0.2882610261
-0.0055950359
0.0570604764
-0.1328693330
0.0150688756
-0.2048850656
-0.0951374397
0.0048822099
0.0732779577
-0.1210937649
-0.0621862411
-0.0351701826
0.2102455050
-0.1966065913
-0.2640734017
-0.0526795946
-0.1752144843
-0.0721476972
0.1998328269
0.0189708546
-0.0553914458
0.2096153647
-0.0770465434
0.1367716938
-0.1565228701
-0.0981693938
0.0411915109
0.1607811302
-0.1020428464
-0.0527132116
-0.1139379963
-0.0812339857
-0.1071293429
0.1908911914
0.0459562056
0.0167642497
0.0791482255
-0.1779067516
-0.0898428485
-0.0079313563
0.0325331986
-0.1539130658
0.1471010745
-0.0776772723
-0.0408295095
-0.0786124244
-0.1146720648
-0.1173069030
-0.1093071252
0.2043946683
-0.0175487101
-0.1503395140
0.1095075011
-0.1133177057
0.1552845985
0.1883446872
-0.1840704232
0.1128039137
-0.0146159418
0.0589167476
-0.0190029517
-0.1381784678
-0.1395972818
0.2117400616
0.0699105635
-0.1686015874
-0.1315588504
-0.1853249520
0.1615224779
0.0997419357
-0.0391487665
-0.1698340327
0.1455200016
-0.2298695892
0.0311054401
-0.0403444581
-0.0462459289
-0.1109132841
-0.0417853929
-0.2729652822
-0.1327765286
-0.1212084144
-0.1620136052
0.0822943524
0.0411960185
-0.3351898491
0.0399360731
-0.1568711549
-0.0576993451
-0.1475766748
-0.4757557511
0.0607050061
0.1484766752
-0.2631105483
0.1046082526
0.0732203126
-0.2859766185
-0.0539469644
-0.4721104801
-0.2826146483
0.0817191005
0.0978617445
-0.1726572812
-0.3261995614
-0.0291626342
0.0161968302
-0.3364616930
-0.1544806808
-0.2974978685
-0.1052189320
0.3343407512
-0.3255205154
0.0102124596
-0.0368822180
0.1184295118
-0.0362609699
-0.1283686012
-0.0940575674
-0.0565443784
0.0350132100
-0.1497369558
0.0050738049
-0.1459552199
-0.0040420117
0.0855663046
-0.0090024276
0.0215236805
-0.2619875371
-0.0058230273
-0.1588642597
-0.0501183942
-0.0561213866
0.0441497453
-0.2244419307
-0.1205279976
-0.3592559099
-0.1387656033
-0.1207828000
1.1290899515
-0.0833161101
-0.0546876080
0.0741375238
0.0515340641
0.2330357134
-0.0859668329
0.0704765096
0.0266435053
-0.0741848871
0.1286730915
0.0631272122
0.0576889440
0.1620339155
0.0300775785
-0.3433487415
-0.2949129045
0.0654679537
-0.0496664979
0.1838017851
-0.1849688590
0.0016443444
-0.4339295328
-0.0098153409
0.2315468490
0.0365947112
0.1908101588
-0.2076959312
-0.2195752561
-0.0004503955
-0.0024276911
-0.2582352161
0.0083721327
0.0083212936
0.0767022446
0.0874054581
0.1030988544
0.1845021844
-0.0371336974
-0.4420278966
0.0365726203
0.1109607071
0.0591470189
-0.4560433924
0.1277299374
-0.0009717024
0.0652213022
-0.0021317240
-0.0675472990
-0.0864719003
0.0134523930
0.0940498635
0.0127737783
0.0002732547
-0.0550018288
0.0104908729
0.1233964562
0.1697696447
0.0601630844
-1.9404042959
-0.0033711973
0.1872918308
-0.2204626054
-0.0580173582
0.2319085449
0.0523363873
-0.1605683267
0.1419600844
-0.0526218973
0.1605995893
-0.1106935889
-0.0343627706
0.0614413098
-0.0706952810
-0.0524492823
0.2975634038
-0.1575088203
-0.1339318901
0.0462832190
0.1130222678
-0.1137757525
-0.0188471843
0.0864976197
-0.0919741765
0.0072566778
0.2631105781
-0.1375387609
0.0335633233
-0.0994392037
-0.0346818492
0.3094345629
-0.0427670032
0.0576000623
0.0862458572
0.2111265063
-0.0902712569
-0.0626792386
-0.0436695404
0.5671643615
0.0662611872
-0.1017034128
-0.0130046234
0.3503346443
0.0940888301
-0.1040728614
-0.1277343184
0.0441481434
0.0182407219
-0.0120104551
0.1443014741
0.0150574269
-0.0188377630
0.1074751541
-0.0141428914
-0.0820097104
-0.1396543533
0.2001026124
-0.1188779622
0.1581962258
0.2462468743
0.1697076410
-0.1722030193
0.0556829572
0.2119336426
0.0723276138
0.1183825135
0.0139089357
0.1196336821
-0.1633109152
-0.0396805443
-0.2461235523
-0.2442785054
0.2258611172
-0.0772320926
-0.1116326824
-0.2193184644
-0.1395627707
-0.0638892874
0.0165914949
-0.2173292339
-0.0968431309
-0.0248851255
0.1174511611
-0.1079174653
0.2804103494
0.1043064967
-0.0070195668
0.0869513899
-0.2396512777
-0.1262846142
0.0773051977
0.1023137271
0.0990364254
-0.3051497936
-0.0601696409
0.3196940720
-0.1254275888
-0.2112443149
0.1099978164
0.0135958614
0.0779120997
0.0917763412
0.1142570674
0.0775365755
-0.0925012454
-0.1189208329
0.2438175529
-0.0615549535
0.0839627162
-0.1021317765
0.0153184962
-0.1571018994
-0.0496788658
-0.2757594883
0.1642640382
0.0036785775
-0.1095191911
0.0080993120
0.0460278951
-0.1138417274
-0.0844617039
-0.0544624999
0.0130871413
-0.1483271718
0.2526140213
-0.1922443062
0.1320416927
-0.0571935587
-0.0396026857
0.2185260653
0.0520787686
-0.0603441447
-0.1808543205
0.1763755530
0.2734497190
-0.3077890873
0.2822790146
0.0196278822
0.1497392058
-0.4962848425
0.0017592594
-0.1649002284
0.1316872388
0.1321574897
0.0585064255
0.2014524639
-0.0082274973
0.3603765965
-0.3025747240
0.0731160939
0.0135480231
-0.2497469336
-0.0323874839
-0.2835964859
0.1618873775
-0.1011004075
0.1367779970
-0.1746946871
-0.1122389808
-0.0082712425
-0.1624066532
-0.0419367254
-0.1794037074
-0.0288022552
0.0471945219
0.0914289206
0.1246824861
0.2073251009
0.1010305807
-0.0806159601
-0.2196503580
0.0592119470
0.1131285056
0.0995587409
0.2718544602
-0.0187301710
-0.1388872415
-0.0608261563
0.0924120024
-0.0094822962
-0.0749727041
0.0836294591
0.2140236944
-0.0235021822
-0.0475046411
-0.1400911361
-0.1192078516
0.1605545729
-0.0640222356
0.0902760625
0.1983278096
0.1183646023
0.1585791111
0.1287687421
0.2588995099
0.1674278677
0.2224172056
0.1414660364
0.1831539720
-0.1443927437
-0.0532917269
0.0971385837
0.0107510881
-0.1434765160
0.2001845092
0.0399963744
-0.1834079176
-0.0343143195
0.2028538287
-0.1265800297
-0.0494626313
0.0326268449
-0.0981787369
0.1376824081
-0.0261494964
0.0187305771
-0.1850545853
0.0452006124
-0.0698087811
-0.0412207060
-0.1320222020
0.0757358670
-0.0331730507
0.0127982898
0.0300333127
-0.1480334997
0.2568619251
-0.0521281548
-0.0379800275
0.0068756561
0.1424256116
0.1837833226
0.2210586071
0.0174391679
0.1542844027
-0.9023765326
-0.0584961213
0.0231622718
-0.1014122739
0.0196698066
-0.0933920443
0.6240308285
-0.2384984791
0.0661208630
-0.2528944016
0.1721123010
0.2404702306
-0.4710647166
-0.0014351819
-0.0973787680
-0.0757317543
0.1751616746
0.0476363301
-0.0005523517
-0.5439014435
-0.2038250566
-0.1007287130
0.2382604778
-0.1470201313
-0.1260726899
-0.0970649049
-0.1810976863
0.1513408273
-0.0897964239
0.0180245973
-0.1176142916
0.3143596947
-0.1415919662
-0.1535604447
0.1599309891
0.1093856990
-0.2384543717
-0.3803226054
-0.1009725630
-0.0683857873
0.0273772236
-1.1573609114
-0.1915336549
0.5599510074
-0.0895896852
-0.0886828974
-0.2375600785
0.0653916523
-0.1091011614
0.1389796585
-0.2899754345
-0.0750786066
-0.0765363425
-0.2040007263
0.2054848373
0.1082011536
-0.2396452874
-0.0461115688
-0.3185263276
-1.3144183159
0.0925303102
0.4203556180
-0.3445626199
0.1567609906
0.1901101619
-0.0680972338
0.1913951933
-0.0181001741
0.2474610209
0.3140092790
0.1506838202
0.3135335445
0.0377605334
-0.0703645274
-0.1857471168
0.2296815366
-0.1390054077
0.3207655549
-0.0466786362
0.0083270120
-0.3358029127
-0.0004957373
-0.0657153428
-0.0313506536
0.1565694362
-0.0407320820
-0.2807081938
0.1438376009
0.2041127980
-0.0735479891
0.0881978571
0.1321652085
-0.0277623553
-0.0207187254
-0.3280632496
-0.0387373231
-0.0146830129
-0.0002371720
0.1530809999
-0.0402199700
-0.3214579821
0.0915923938
-0.0119257867
0.1092130542
-0.1451418549
-0.1631538272
-0.1781961471
-0.2024416327
0.0046820482
-0.2155053020
0.2336599827
0.0978144929
0.0592253245
-0.0820579305
-0.0696125254
0.1015141457
0.0230885912
0.0048824400
-0.3744917214
0.1169564947
-0.2644776106
0.0386556312
0.0418610871
0.2618786991
-0.0267678984
0.2332206219
0.0921173543
-0.2061706334
-0.1993425190
0.0668966398
0.0691450834
0.0653020814
0.1305631697
0.1022869051
0.0947686061
0.1784563959
-0.7026423812
0.0359904505
0.0443263948
0.0418543071
-0.0707014129
-0.3037464917
-0.0924658328
0.1002687514
0.0414539091
0.3857394755
0.0433592498
0.0912371129
0.0902855918
0.1332088411
-0.0110326679
-0.0605631657
-0.0916183516
0.0707248151
-0.0982950106
0.1211724356
-0.1405829489
0.0455801710
-0.1488204449
-0.4514920712
-0.0665784106
0.0214425456
-0.0918901265
0.0862707049
0.0938754305
0.0736256987
-0.0284088850
-0.0137365758
0.0316358991
0.0152694210
0.0895854533
0.0669761971
0.2479035258
0.2592084408
-0.0166442003
-0.0785738006
-0.0262836106
-0.0974646583
-0.1880991757
-0.1914669424
-0.0099906139
-0.0967066288
0.0288266409
0.0163255595
0.0289325062
0.1298331618
-0.1136464849
0.2445725352
0.0198810492
-0.0307261702
-0.0825207978
0.1101981327
-0.1763647795
-0.0166234486
-0.2116492689
0.0994036570
-0.1244192272
0.1441716850
-0.0606582649
0.2111721486
0.0722548291
-0.1715113670
0.0911027417
-0.1294670552
-0.0933839381
0.0608660802
0.1189458445
0.0025287787
-0.1359442174
0.1694519073
0.0741283298
0.0135273393
-0.0911591575
0.0723813176
-0.2498131394
0.1578152478
-0.0650071651
-0.1194821596
-0.0561592989
-0.1138738617
0.3687400222
-0.1351596117
-0.1459608823
-0.1410677731
0.0982331187
-0.1602185816
0.0168146845
-0.1904811412
0.1254470646
0.1648817360
0.2753335834
-0.1341643482
0.1650532633
-0.0218424127
0.1078228951
0.1686133146
0.2524601519
0.1507352442
0.0516396128
0.3541795611
-0.0680160895
-0.1921246797
0.0831290931
-0.1607061625
-0.2357502133
-0.0700571090
-0.2761027217
-0.2502694428
0.2054107189
0.2717993557
-0.1279021800
-0.2148459852
0.1255948693
-0.0556219593
-0.1853808165
0.1662313342
0.0196437258
-0.2608658671
-0.1593915373
-0.5900051594
0.1165248305
0.2679748535
-0.2029012740
0.0839959607
-0.0239376780
-0.0458192825
0.2159487754
-0.0642056614
-0.2395089269
0.0926206186
-0.0569365844
0.1387797445
-0.1239627749
0.2256223857
-0.1141700298
-0.0695434138
-0.0129369032
-0.1892324835
0.3094982207
-0.0743129253
-0.2269246876
0.0354460031
-0.0201816894
-0.0443927236
-0.0388435498
-0.0494653061
0.2437972128
-0.3288493156
0.1097883508
0.0336508900
-0.1737347841
0.1006544828
-0.0574582107
-0.0372717455
-0.0345019326
0.0066126371
0.0622475371
0.0858239532
0.0873373896
0.0329928622
-0.1033261716
-0.0557876378
0.2759551108
-0.0669181421
0.1652612835
-0.0564944334
0.1944116801
0.3681925833
0.1144286841
-0.1969951540
-0.1121631339
-0.0602264516
-0.0309710987
-0.1352911741
-0.0634781271
-0.1336310804
0.2039094865
-0.2037466615
0.2965199351
0.1584994793
-0.0523637757
-0.0071472260
-0.0094018346
0.1536263525
0.1715876460
0.0980973765
-0.0921083465
-0.0555148609
-0.1303879470
0.1759220958
0.0790404677
-0.0295498203
-0.0227453951
-0.1251687407
0.0202429593
0.2942987680
-0.0720045120
0.1237585619
-0.1808581054
0.1198225096
-0.0075937239
0.2579924166
0.1942016780
-0.0928751603
-0.0105478074
0.0240119901
0.0693453848
0.1154768243
0.1154765934
0.1419642568
0.2504175901
-0.0987729877
-0.2597705424
-0.1829488724
-0.2100269049
0.0175855421
0.2409196347
0.2169411629
0.0831835940
-0.2509949505
0.0092501650
0.0831863582
-0.1498753130
0.1665041149
-0.1450866759
-0.1037566215
-0.0264626537
0.0640337989
-0.1428824812
-0.2617293894
0.2119742930
-0.1552873701
-0.2899515629
-0.0587250739
-0.1435179412
0.0978635699
-0.0295316186
0.1866982579
0.0355752669
0.0344409011
0.1117266938
-0.2810461223
0.1704011708
-0.1323818266
-0.3293799758
-0.0770223960
-0.0575440563
-0.0441908017
0.0474848859
-0.0602829158
-0.1498093009
-0.0202590059
-0.0592480041
0.0989681631
-0.1060042009
0.0964904204
0.0471492186
-0.0814498812
-0.3393697441
0.0553662851
0.0100673661
-0.1464536935
-0.0626629740
-0.1196721569
-0.2212496549
0.0263451338
-0.1308376044
-0.0028795763
0.0033647236
-0.0254822299
-0.0606882870
-0.3057722449
-0.0604558960
-0.0084275501
0.0696783587
0.0654730871
-0.1603703946
-0.1187086105
0.1650910228
0.0835895017
-0.0438710563
0.1524663568
0.0604318529
-0.0712774247
-0.0651260316
0.1183036268
0.2147924155
-0.0413616970
-0.1193082407
-0.0784736052
0.1129846126
0.0141701773
-0.0119766938
0.0271829646
0.0036081634
0.0564171448
-0.0128661282
0.1862406731
0.1613306254
0.1263176501
0.2540966570
0.0657272860
-0.0644066706
0.2392202914
-0.1139241606
0.0398359261
0.0006738240
-0.0638151541
0.2135806978
0.1750246882
0.0498798080
0.0275517311
-0.0557938777
-0.1124021932
-0.1233966500
0.1210944355
-0.1882983148
-0.2416417152
0.1716184169
0.0824914500
-0.1477253288
-0.1281438470
0.0700192750
0.0435892828
-0.0208573267
-0.0624293610
-0.0719606131
0.1321758181
0.1924796551
-0.1127118617
0.2457849532
0.2179642618
-0.3830959499
-0.2849691212
0.1506577134
-0.2791229784
0.1061182022
-0.3272733092
-0.1676858515
-0.1850247532
-0.1451860517
0.0988774970
0.0381301828
-0.0367750116
-0.1204008758
-0.3192259967
-0.0619947240
0.2306662202
-0.2864821553
0.2637137771
-0.0770519301
0.1370073557
0.1399613470
-0.3226647079
0.0893641114
0.0855421498
-0.0203833934
-0.0265805554
-0.3747874498
-0.2924390137
0.0811576992
-0.2127365172
-0.2551082373
-0.4563604891
-0.3663016260
0.1135415286
0.0477098972
0.2027302086
-0.0918463692
-0.2607057691
0.0255358610
0.5692660809
-0.1183108315
-0.1507260948
-0.1574989259
0.0344814509
0.0960856527
0.0033113898
0.0138158379
-0.1483536214
0.0046575782
-0.0198338740
-0.0345638357
0.1647955030
0.0964163616
0.0634739399
0.0620839819
-0.2608482540
-0.0655491427
-0.1168281958
-0.0381456912
-0.3653235435
-0.0309773143
-0.1855180711
-0.0954716057
0.1641793549
0.1247599721
0.1237686351
-0.0588800758
0.2046286166
-0.2121130377
0.1752012372
0.0322269648
0.0214511696
0.2337787300
-0.0710143223
-0.0805728585
-0.0060029398
0.0976001173
-0.0914967135
0.0563506298
-0.1349212080
0.0082478449
0.0498013906
0.0121285366
-0.0643025786
0.0274745096
-0.0791334659
-0.2580452561
-0.1887605786
0.1928476542
0.1296539307
-0.0600784868
0.2572450042
-0.0461596288
0.2782275379
0.2031713575
0.2635982633
0.1425869018
-0.1118481532
0.1555664390
-0.2222583145
0.2727760077
0.1409997940
-0.1093257666
0.0158888642
-0.0550688356
0.0234495830
-0.0178475957
0.0770730451
-0.0195319038
-0.1078816280
-0.0741857588
0.1457989365
-0.0799522698
0.0477270298
-0.0788832679
-0.2259528339
-0.1987537444
0.0815345421
0.2017494440
-0.1556006670
0.0977613628
-0.0675384402
0.0493725128
0.0938047245
0.0403261706
-0.0981297791
0.0691191033
-0.0379003435
-0.1942939013
-0.0507714562
0.0436909795
-0.0228636712
0.0884018838
0.0940737352
-0.2326740772
-0.1510301381
0.1227148324
0.0410569236
0.0237613339
-0.2584902346
0.0433101244
-0.1822072268
0.0593008511
0.2644048035
0.0693836734
0.0774080679
-0.0475353897
0.0476039723
0.1499448419
0.1400564462
0.2598261237
-0.0364182778
-0.1824787408
-0.0518336482
-0.1429357976
0.0485926047
0.0932023004
0.0045059542
-0.0006559207
-0.0710351840
-0.1151751578
-0.0726761743
-0.0212818645
0.1384857595
-0.0267593544
0.0016480468
0.0725136250
-0.0962518901
0.1933546811
0.0203191880
0.1076469719
0.0644112453
-0.1882481426
-0.0064758947
0.2482749224
0.2339815050
-0.0368593335
0.0039578211
0.1372078061
-0.0309046227
-0.0471024439
-0.0372171290
0.0695902556
0.2026669681
0.1944295615
-0.0714457780
-0.0098279631
0.0358667076
0.4553937614
-0.2379581183
-0.0282356106
-0.0060534445
0.1935443133
0.1180598363
-0.0155229969
-0.0423485003
-0.1388047934
-0.0685538724
-0.1729741991
-0.0190570150
-0.0513244718
-0.0440198928
-0.1608679146
-0.0656235069
0.0323437303
-0.1782813668
0.0060266024
-0.2864830792
-0.0030420013
0.0925224572
-0.0803454667
0.2091305256
-0.0259270538
-0.0404950827
-0.1457877308
0.0332195647
0.0516094007
0.0838909224
-0.0436848104
-0.1419906765
0.2646684349
-0.0485446267
0.2117317915
-0.0525838956
0.1312399358
-0.0453463420
-0.0513409823
-0.0843858421
-0.0618752502
-0.1545505226
0.0431081429
-0.0605138876
0.0476180874
-0.1472276598
-0.1550137252
0.1260094494
0.3302044868
-0.1207936481
-0.1723242998
-0.0740205869
-0.0907149240
0.0620149858
0.1214307919
-0.0603644103
0.0471670777
0.2190523595
-0.1145812720
0.1861808449
-0.1217168719
0.1168074608
-0.0355649106
0.1229276657
-0.1743063927
0.0247555599
0.0378140137
0.1042741612
-0.1484473497
0.0068275817
-0.1040901840
-0.0230729692
-0.0678715929
-0.0929229483
0.0242851321
0.0758440346
-0.0032270616
-0.0215062927
-0.0032039790
0.1487372965
0.0139966412
-0.0890088975
-0.1801963300
-0.0047269021
0.0305803232
0.2752936780
0.1894288063
-0.0018473552
0.0405137949
-0.0427690670
0.0776858926
-0.3064817488
0.0259602722
0.1144883782
-0.0547806323
0.0532818735
0.2201687247
-0.2269435078
0.1610421985
0.0052172295
0.1367701292
0.2001498789
-0.0817440003
0.1058862582
-0.0652863830
0.1843653023
-0.0829762667
-0.6566592455
0.3087729812
0.0945749804
-0.0323577970
0.1456090063
-0.2348875254
0.1568779200
-0.0691686347
-0.0371572487
0.0677056536
0.1774312407
-0.3999572694
0.1395154446
0.0856363401
-0.0469881557
0.0450929888
-0.0019925623
0.1151046455
0.1437968314
0.0312210396
0.1138966754
-0.0203280635
0.0972675532
-0.7058543563
0.0733020306
0.1448856294
-0.0424243696
0.0336185321
0.0492273904
0.1179783419
-0.1413890272
0.0690593943
0.1234868541
0.0000308750
-0.4877026379
0.1663722694
0.4080437124
0.2386056334
-0.0718188509
-0.0197891388
-0.0534312390
0.2483367175
0.1728459597
-0.4505793452
0.0526795723
-0.1477044970
0.0303988028
0.0543440208
0.1162422970
-0.0107468441
0.2010549009
0.0796915069
0.0879629552
0.1366278082
0.2031726688
-0.0491842516
0.2034508884
0.0804604739
0.1188369915
0.1309583634
-0.0605435818
0.1528354138
0.1193303391
-0.1666840762
-0.0583051592
-0.0635183901
0.0380116813
-0.2553197145
-0.0835190713
-0.0000917670
0.1649947912
-0.1737907678
-0.2385476679
-0.0474548116
-0.0225513801
0.0795624927
0.0188021772
-0.2691020966
0.1987733692
-0.2005965859
-0.0417492129
0.0010292609
0.0851769894
-0.1724891216
0.2623907030
-0.0057983468
0.1035958454
0.0846067742
-0.0073734391
-0.0478329659
-0.1376292408
-0.0394819044
-0.0476785637
0.1309041530
-0.1630584300
0.0693566203
0.1791299433
0.0339250341
0.0068832980
0.0347516760
0.2267059237
0.1457401961
0.0247356929
-0.1365184337
-0.0416469611
0.1598454267
-0.2649397850
0.0406555533
-0.1528569609
0.1269340515
-0.1759487838
0.0558345504
-0.2592559159
-0.1796864420
-0.1255513579
0.0691297948
0.1494317204
-0.0648468807
-0.3622016609
-0.1584204882
0.0548302904
-0.1169767007
0.2910973132
0.1032744348
0.1508307010
-0.4006732404
-0.1071413383
-0.2682047486
0.2383816093
0.4159598053
-0.0427228473
-0.0694203824
0.1163580194
0.0435221493
0.0146137569
-0.0580911599
-0.0559000485
-0.0956446156
0.1070753857
0.0536019728
-0.0196865238
0.0026914272
-0.0724856555
-0.1412621886
-0.0005265015
-0.0018883643
0.1295096278
0.0387690514
-0.0859874710
-0.1304496825
0.0466566719
-0.0007730157
-0.2606490254
-0.2160393596
-0.0163488574
-0.1938776821
0.0578172319
-0.1567462385
0.0795159042
-0.1230325624
0.0254663043
0.2309145927
-0.0187267568
-0.0643001869
-0.0643845126
0.1636589020
-0.0158382803
0.1747840345
-0.2187701762
-0.0955830142
-0.0364540033
0.1353391409
-0.0985476747
0.0107600503
0.0793206096
-0.0458772145
-0.1001921147
-0.1965981275
0.1686410904
-0.0337566063
-0.1022319049
-0.1605048925
-0.1055761129
0.2101196945
-0.1530267149
-0.0199312735
-0.0659440532
-0.0868832022
0.0502110310
-0.0738037452
-0.1903019100
0.0996617600
-0.0915481374
-0.1183797419
0.0755984187
-0.0681091994
-0.0625074878
0.0921491832
0.1121457443
0.0161518473
-0.0187831502
0.1596211940
0.1658594459
-0.0199966263
0.0551586449
-0.0760784969
0.2208212465
0.1619804054
-0.0251662694
0.0888437703
0.0114620049
-0.0947666615
0.1631022394
0.2200020105
0.1812502742
-0.0693438575
0.0968920216
0.1164308116
0.1057830304
-0.0021280686
-0.1484098881
0.0991214141
0.0882549807
-0.2203235775
-0.0175067186
0.0218775049
0.0793102980
0.1093813926
-0.1534989923
0.0226402506
0.0076189218
0.1813909858
-0.1036556810
-0.0490300767
0.0443610325
-0.0535290651
0.1314553618
-0.0131053589
-0.1595734507
0.2055841237
-0.2321362346
0.1691721529
0.0272908900
0.1550971866
0.1901216209
0.0429280587
-0.1846759617
-0.0151297608
-0.0158709753
-0.2105231732
0.0850058049
0.1030951738
-0.1813360304
-0.0153340884
0.0991100371
0.1286244243
0.0969672799
0.2224691063
-0.0208162330
0.0843458548
-0.0050063552
0.1496640891
0.1720679700
-0.0195355359
0.2397035509
0.1614402682
-0.0108470237
0.0153370891
0.1341279149
0.0705161244
-0.1189812720
0.1561323106
-0.1070527285
0.0145935528
0.0136179980
-0.1172484085
-0.1533203870
-0.0322844312
0.0731499121
-0.0012273091
-0.1924893707
-0.1478307545
-0.0183978938
0.0925674587
0.2373898923
0.0221459512
0.0850252584
-0.0645578653
0.1279351115
-0.0224541668
-0.0899355784
-0.0051409346
-0.0963377133
0.2170200348
-0.1893112659
0.5865268111
0.1382090896
-0.2478629202
0.1279708147
-0.0676835626
-0.1569139063
0.2390042543
-0.0442385450
-0.0984588787
0.1981580704
-0.1872315556
-0.2798427343
-0.1246586964
-0.1131457239
-0.0906577855
-0.1756817997
-0.0248891041
0.0740382746
0.0911857635
0.1475316733
0.0345518999
0.1643422544
-0.0957251415
0.4013207555
0.0079401443
0.0885755718
0.3346259594
-0.1140447780
0.1132029966
0.2376217544
0.1281258166
-0.0906258151
-0.0241182018
0.0992306247
-0.4190044403
0.0811943561
0.1281003058
0.1716184467
0.0052003348
0.4244504869
0.0145785809
0.6305217147
0.1107702479
-0.5129531026
0.1496754438
-0.1941955686
0.2445589155
-0.1763623357
0.2191053033
-0.1602745354
0.3443601131
-0.1076172367
0.1516337544
-0.0657204688
-0.0143934665
-0.0422439240
0.4436957538
-0.0765263587
0.1698680669
-1.1697704792
-0.2248004824
0.0513049886
-0.0549676493
0.0346975513
-0.0386672765
0.0880711600
-0.2103076279
-0.1357787400
-0.0321612954
0.1790033579
0.1142444983
0.1658853292
-0.1461924165
0.0355108455
-0.0679189935
0.0976892263
-0.0369211324
-0.0044394690
0.0563165806
0.0235428885
0.0310393050
0.0459628403
0.0782901645
-0.2010687888
-0.1007553786
-0.0177071039
0.0934554711
0.0910101309
-0.0277987942
0.0619064309
-0.1534663290
0.0109117441
-0.1080908179
0.1165130585
0.0989594534
-0.0386498719
-0.1083581150
-0.0052592177
-0.1098348498
0.0437889025
-0.0492728129
0.0602019578
0.4275949299
-0.0391740799
-0.1243465915
-0.1314353496
-0.0911662951
-0.0368896872
0.0415319540
0.0673642308
0.0704796016
-0.0134093892
-0.0419691727
0.2454753220
-0.0187278371
-0.0129646957
-0.0023369580
0.0233939067
-0.1518340558
0.1482221186
-0.1869111657
-0.1979489774
0.0691151097
0.0294246469
-0.0040715677
0.0084026288
-0.2429081798
-0.0549770594
0.0557926185
-0.1214383990
-0.0209280327
-0.1656049639
0.0642769709
-0.0953056440
0.1260183603
-0.0879574940
-0.2847409546
-0.1156800240
-0.0622956306
-0.1162285656
0.0146787446
0.2051260769
-0.0041464982
0.1582084149
-0.0983856693
-0.2448258102
0.0627023578
-0.1137399748
0.0425922722
-0.1587277055
-0.1825582832
-0.0734738782
-0.0132713383
0.0282014348
-0.0025285389
-0.2637603581
0.0736452788
0.0924255624
0.0889275745
-0.2262375206
0.1011361256
0.0311786588
-0.1101689339
0.0598008409
0.0171468835
-0.0528530777
0.0891165733
0.1171075627
-0.1285451800
-0.1887369454
0.1123465821
-0.1549416184
-0.0442422964
-0.2014670074
-0.0039631133
-0.1758372337
0.1619360000
0.1946281791
-0.0405965522
0.0037781992
0.0156653877
-0.0169127677
0.0891373232
-0.2469138950
0.0713436976
-0.1325771958
-0.0427323580
-0.1733326763
0.0474916920
0.1972348094
0.1259210259
0.0586513951
-0.3612452745
-0.1254041493
0.2556127906
0.1751241684
0.2624602616
-0.0706620738
0.1079730988
-0.4820382297
0.0540545173
0.0685412884
-0.0314250365
0.2049364001
-0.1232886910
-0.1510802656
0.0792473182
0.2370714843
0.0032166040
0.0763196126
0.1348024458
-0.1912773103
0.1680083275
-0.0287484340
0.1092501432
-0.0793371871
-0.2447721809
-0.0680196285
0.0222336613
0.0462393835
-0.0469101332
-0.0384717360
-0.1190681830
0.1110215411
-0.1235658824
0.0054147989
0.0732447654
0.1937413812
0.1457920969
0.0514531881
0.0315161049
-0.1135412976
0.0466090068
0.0923947468
-0.1076056287
-0.0577484742
-0.2761203349
-0.0307025723
0.2027124166
0.0308044795
0.0930898339
0.1686518788
0.1965866387
0.0304935928
-0.1191435754
-0.0163075887
-0.0050927922
-0.1627017856
0.1085340008
0.0585313253
0.0265139602
0.0616698302
0.0977028906
0.1459279358
0.0840955749
0.1015674621
0.0210148860
-0.1791902035
-0.0733844638
0.1426050365
-0.1718001962
-0.1108720154
-0.1400022060
-0.1089551672
-0.0685355589
-0.1332908124
0.0298065692
-0.0932381526
0.2072642744
0.1381356120
-0.1674758047
-0.0581233390
-0.1494954824
-0.1468600184
0.1357175857
0.1226692200
0.1852827668
-0.1037034914
0.0365861282
-0.0077867708
0.0855358839
-0.1025510728
0.0283261705
0.1204905659
0.1188534871
-0.0281782839
0.1600638777
0.0359097123
-0.1463375688
0.1900270581
-0.0809028521
-0.1539659947
-0.1008746251
0.2083656192
0.0290895589
0.0069756107
-0.0452560298
-0.0257195886
0.0824035555
-0.0867762566
0.2358994633
-0.0235989429
0.2020308077
0.0299633648
-0.4530394077
-0.4218304157
-0.2192672789
0.1225867495
0.1082624793
0.0996303335
0.0616337620
-0.1569259614
0.1845269799
0.0914790332
0.0586946271
0.0748990551
0.0141247949
-0.1561989188
-0.3973866105
0.0126542840
0.0633438155
0.1798404902
0.0096640280
0.0671555251
0.0439455621
0.1829926372
-0.0119491369
-0.0903381705
0.0896651894
-0.1276340038
0.0198048949
0.0226902962
-0.0190151036
0.0362780355
0.0485222228
-0.0539437719
-0.1374569982
0.0612035803
0.2578823268
-0.0952021852
0.0302583501
-0.2743614018
0.2234885097
0.1174842939
0.1005675569
0.0961481780
0.1206791773
0.0466447026
-0.0005049760
0.0368861817
-0.1619895697
0.2616961896
0.0178337488
-0.1222556755
-0.1119817495
-0.2336475253
-0.2259367406
0.1445931047
0.1584125459
-0.0432411171
-0.2578573525
-0.0414904095
-0.1014391631
-0.0917963013
0.1140230075
0.1993324906
-0.0914579853
0.1703245640
-0.1885427535
-0.2121102661
0.0619295239
0.0900290310
-0.0618900992
-0.0038146293
0.0246096291
-0.0605748333
-0.1476493478
-0.2469556779
-0.0467040651
-0.0837345049
0.1258874089
-0.0721060410
-0.0097770644
0.0720255598
0.2323349416
0.1164512634
0.0054195714
0.0167550743
0.2264689505
-0.3048309386
-0.2241261899
-0.0116485953
-0.0041085808
-0.1836921573
-0.1656853855
0.1965346783
0.1121323556
-0.1047648638
-0.1865145117
0.1494020522
0.0348270945
0.0147001427
0.1728889942
0.0236142185
-0.1678645760
0.0768192485
0.1113099903
-0.1321220398
-0.1497807503
-0.1462454498
0.1507300884
0.0809045583
-0.1261607707
0.2376511544
-0.1209611967
-0.1590751410
0.1110830605
-0.2006151974
0.1152813584
0.5066973567
-0.1465280056
0.2847561538
0.2608737350
0.0073741991
-0.1022048965
0.0233831555
-0.1546023488
-0.0719889998
0.0414212532
-0.0539887212
-0.1384327263
-0.0792900845
0.1372902095
0.2341396511
0.0569626577
0.0405850857
0.0165007375
-0.1511407346
-0.0683251619
-0.2248641700
-0.0899858028
0.1073668897
-0.1385344863
-0.1261187345
0.0792114735
-0.2145901918
-0.1348777413
0.0277993660
0.1820103228
0.2357112914
0.1039246023
-0.1283694059
0.0807971731
0.1618673801
0.1987918019
0.1230444312
0.6258764267
0.0196942277
0.1247604117
-0.0512842201
-0.1251835227
0.0971959680
0.1893503517
-0.1463237107
-0.1231912225
0.1204313338
0.1311719716
0.0565635823
0.1899848133
0.2259226143
0.1976786256
-0.0553848781
0.0744508356
0.0727560669
-0.0349576510
0.0125868469
-0.0707686394
-0.0997083411
-0.1097963303
0.0505178794
-0.0520955622
0.1189145446
0.1233066246
0.1388633698
-0.1946189553
0.1409234703
-0.0000427050
-0.0757090002
0.0835294500
0.0262077749
0.1021119729
-0.1857975870
-0.0471348464
-0.0393441841
-0.1186043546
0.2397282124
-0.0360286869
0.0170628931
-0.1223903298
-0.2096671015
0.0462965816
0.1693608016
0.0562706925
0.1855993271
-0.0335372128
-0.0281396862
0.0631754473
-0.0510515533
0.2068801969
0.0249125082
0.2114690393
-0.0943223238
-0.1093548983
0.0624136403
0.0953147411
-0.0051363562
-0.0615263693
-0.0782430544
-0.1829481572
-0.0475166179
0.1833451986
-0.0189760830
0.1670607775
-0.1214297935
-0.1326361746
0.1400130540
0.0784369335
-0.1614353359
-0.0107426522
0.0240788944
-0.0608548857
-0.0460047275
-0.1984407604
-0.2733815610
0.1494026333
0.0658803508
0.3203265071
-0.1365611106
0.0261204150
0.0493382849
0.0343721844
-0.2912128568
-0.0099036852
-0.0043173861
-0.3887682557
0.1066229492
-0.1365647167
0.2448882014
-0.1636804789
-0.0343823172
0.2685995698
-0.1856518537
0.3044676781
-0.1230647191
0.3566519022
0.0823904276
0.0951580554
0.2921224833
-0.0698637068
0.0293573700
0.0409935713
-0.0382233225
0.1447414458
-0.0319822468
0.0496901944
-0.2684282064
0.1628892124
-0.0395568982
0.4615829587
-0.0062565980
-0.2120662928
0.0481892228
0.6341841817
0.0583987236
-0.0996459946
0.1452493370
0.0335827060
0.3264107704
0.0200995468
-0.1301884055
0.0101190992
0.1778918207
0.2790829539
-0.4279637337
-0.1048899293
0.1266719401
-0.1729376316
0.0525130890
0.1201120690
0.1108463034
-1.1707739830
0.2001168132
0.2616556287
0.3157337010
-0.0288329963
0.1627442688
-0.0921365097
-0.0802701861
-0.1350227594
-0.0509425513
0.0571053885
0.2274686247
-0.1033883542
0.1329715550
-0.0536186732
-0.0908064619
0.0791470408
-0.0261009112
-0.0902518928
-0.1778955758
-0.1118482128
0.0708992630
0.0046088640
0.2216385901
-0.1465377957
0.0522302166
-0.0192845613
-0.1867836863
0.2094862759
0.2781961858
-0.1426994056
0.0587232746
-0.0169698056
-0.0087299980
0.0992286503
0.0445093364
-0.0586766861
0.2916186154
0.0469411053
-0.0432653911
0.1807755083
-0.0519618802
-0.0029156154
0.2516570985
-0.2239478678
0.0934692919
0.0172818676
0.1021421403
-0.0194808766
-0.0557347164
-0.0776685700
0.3495878577
0.0130771389
-0.0920035318
0.2446842045
0.1298817545
0.0034505147
-0.1494829208
0.0117523083
-0.5019880533
-0.1406205595
0.1192508861
0.0130033651
-0.1983814240
-0.0127867833
-0.0146785034
0.0437896401
0.1240651235
-0.1381950378
0.0905715078
0.0122956214
-0.0419227444
-0.1976404190
0.0460363217
0.1579085588
0.1337092072
-0.1369577497
0.0235681608
0.1791286916
0.1866898388
-0.0837903172
0.3946708143
0.0696147531
0.2090245038
-0.1311009675
0.1031610444
-0.0479132682
0.0111352019
-0.1850071996
-0.1810414642
-0.1981935799
-0.0518269539
0.0712108612
0.2030287087
0.2365476489
-0.0802283362
-0.0830492452
0.0139006590
-0.0965749547
-0.0313659050
0.0150387017
-0.1450822949
0.2117628157
-0.1294338852
0.1745013893
-0.2127697170
-0.0434372984
-0.0851022452
0.1213021651
0.2734686136
-0.0343631841
-0.1199372113
0.0325104855
0.0277409609
0.0467584953
0.0506923385
0.3336727619
0.0286531933
-0.3862322569
0.1498342007
0.1810720265
-0.0754233673
0.0532221273
-0.0989710987
0.2197747976
-0.0096144080
0.1042952687
-0.2138564736
-0.0531442091
-0.1702857316
-0.0374722108
-0.0204723738
-0.0134480242
0.0163889751
-0.0252566766
-0.2497537136
-0.0349680670
-0.1235188544
-0.1048032790
-0.1203687042
0.1402639002
0.0396152027
-0.4054578841
-0.1615868211
0.0809267238
-0.0376746505
0.0042239628
0.0020969412
-0.1578718275
-0.0549317747
-0.0310439840
-0.1819921434
0.0273625497
0.0790460110
0.0465130843
-0.1365282387
-0.2065856159
0.1117430925
0.0473322496
0.0253149793
0.0226001926
0.3875393867
-0.1235713139
-0.0086034285
-0.0445154943
-0.1413821876
-0.0305987168
0.0840542242
-0.0369180180
0.0343503654
-0.0745362788
0.0747774765
0.2192422301
-0.0750422850
-0.1930337846
-0.0683194399
0.1518805623
-0.0335157253
-0.0411361605
0.2087913603
-0.0466472320
-0.1963228136
0.1601383984
0.1136035919
0.0057675187
0.2737240195
-0.0330954865
-0.0403006226
-0.0576221757
-0.1028582752
0.2387165725
-0.1185785457
0.1575197428
-0.0015270724
-0.0425901003
0.3691224456
0.2566913664
0.0882970467
0.0586035997
0.2054971308
-0.1133840755
0.0019410140
-0.0908074304
0.0295303464
0.2290728092
-0.1184572279
-0.2817745507
0.1582860649
-0.0592090413
-0.0849546492
0.0627268627
0.0315786488
-0.1114664301
-0.1011314169
0.2369619310
0.1998661160
0.0811755657
-0.0915246010
-0.0573510714
-0.3188357055
0.1314903945
0.1253590882
0.0955448672
0.1840398014
-0.1143134087
0.0221846122
-0.0911955833
0.1641152352
0.5680917501
0.1644828618
-0.0594064593
-0.1932799071
-0.1964061111
-0.0474098325
0.4155713022
-0.0153690334
-0.0825430155
-0.2043228000
0.0621705614
-0.0491434857
-0.0882949755
-0.2201347798
-0.2199960202
-0.0483436622
0.0827918500
0.0267757401
0.1601528078
0.0416623019
-0.0856862143
-0.1165166423
-0.0924518034
0.3095839024
0.0560777634
-0.0939746499
0.0044777719
-0.1980492026
-0.1070379987
0.0167479981
0.0132753868
0.0504413806
0.1447354853
0.0887065381
-0.0926036760
-0.2463663220
-0.1910113692
-0.0317032449
-0.1140772626
-0.0301047713
-0.0809836835
-0.0713900775
-0.1253381521
-0.0333373919
-0.0975173935
0.1735327989
0.1125908121
-0.0708303675
0.0451067127
-0.0988642126
-0.1517589092
0.1025936306
0.1364018768
0.0972521454
0.2280491143
0.0366039909
-0.0402475074
0.0560106598
-0.0285680797
0.2189404219
-0.0869389474
0.0950516462
-0.1706054807
0.1068869606
0.0394588374
-0.0426352434
-0.0054353848
0.0270492341
-0.2211111635
-0.0417888239
0.1077348739
-0.0043619159
-0.1428783536
-0.0042205425
-0.2187334746
0.0537916124
-0.0758620948
0.2123514265
0.2273541093
-0.1237442195
0.2007451355
-0.0289770346
-0.2918765545
-0.2221796960
-0.1395442039
0.0764412582
0.2323100567
0.0361006558
0.3010515273
0.0516296476
-0.1680775583
-0.0167232100
0.1864716858
0.0848447978
-0.1348103285
0.0328666270
0.0681376606
0.1462970823
-0.0962105542
0.1275198609
-0.1098241881
-0.0172979105
-0.0682216436
-0.0376536101
0.3475296497
-0.0566035658
-0.0883411840
0.1427913755
0.1259147823
0.1688262522
-0.1341837645
-0.0576473102
0.1407366395
0.1780652702
-0.1760418862
0.1003351137
-0.2094695568
0.2915949821
0.0603044964
0.1284037381
-0.0199382026
0.0662096813
-0.0834176689
0.2284902483
0.0217836741
0.0845524743
-0.0745037645
-0.0140080675
0.0325171277
-0.0576425046
-0.1628218740
0.1477766782
-0.0140206702
0.1728225052
0.1408669651
-0.0796470642
0.0923305228
-0.0078023523
0.0564632379
0.1407058537
-0.0098141190
0.1530489475
-0.0469375513
0.2422391325
0.0385263450
0.1364212036
0.0701607242
-0.0106949145
0.1954903156
-0.2970778048
-0.1702459604
0.2105036080
0.0672543049
0.0885027573
-0.2773554921
0.1848645657
0.1307405978
0.0746233389
0.1640056819
-0.0420094393
-0.1404699534
-0.2315084338
0.0192179885
-0.0511230938
0.0660044849
-0.0966396183
-0.1039187238
0.0475246869
0.0119173722
-0.0338023528
0.1568108648
0.0104197329
-0.1190625206
0.1449071169
-0.2461569011
-0.0260221865
0.2237411439
-0.1157400534
-0.2811937034
0.0500599220
0.1402532309
-0.3736502528
-0.2665040195
0.1721936613
0.0631465912
0.0475045927
0.0268726833
-0.1024066955
0.0869679675
0.1035078391
0.1480983496
-0.1325972974
0.0447033606
-0.3668894172
-0.1035304666
0.1461325437
-0.1850902289
0.2558940649
-0.0961497948
-0.0527548529
-0.1278836429
-0.0709004030
0.1602243781
-0.0436779968
0.2903922498
0.0109119546
-0.0664168447
-0.1975937486
-0.0404747613
-0.0952068865
0.0025969504
0.0908424705
-0.0158281978
-0.0465962067
0.1146938875
-0.2358713299
0.0212751906
0.0815271810
0.0189457461
-0.0595863909
0.0448983870
0.0299875624
0.2051202804
-0.1961495578
-0.1233975366
0.0454436019
0.1265828758
0.0412935503
-0.0327244885
-0.1142505333
0.0288771074
0.0354425050
0.0384073891
-0.0334754772
-0.3276645243
0.1193911880
0.0371191502
0.0703536421
0.1018062457
0.0251748264
-0.0071061975
0.2712114751
0.0649964586
0.1043570712
-0.0950307399
-0.0086472733
-0.2147541940
-0.2180138826
-0.1897675097
0.2227431834
-0.0504342988
0.0112168072
-0.1397415251
0.0184642673
-0.0072552357
0.0263631884
0.0984348729
0.1731967181
0.1228383631
0.3068024218
-0.1418572366
0.0272678863
-0.0360722989
-0.1102874652
-0.0071394672
0.1213272288
-0.0657090098
-0.0449989550
-0.4049269855
-0.1896413714
0.0913055092
0.1069877744
-0.2271367013
-0.1528117061
0.2172269225
0.1339684874
0.0461132750
0.0701453537
-0.2023933977
-0.0105703808
0.0103487000
0.2040809840
-0.1058953404
-0.0417841412
-0.0429088175
0.1386941820
-0.0980769321
0.1537290663
-0.0730835423
-0.1172909662
0.0702106953
0.0924192145
0.1398511678
0.0712296963
0.0809519812
0.1789189428
-0.0066673197
-0.0380265154
0.2146485001
-0.0870939046
0.1744213551
0.1991109699
-0.1105494574
-0.0179742835
-0.2533695996
-0.0333577320
0.0958008766
0.0645753741
-0.2696757019
-0.1088294387
-0.0398109108
0.1281816512
-0.2695612609
-0.1261844635
-0.0072491677
0.0187944807
0.0862683281
-0.0822696611
-0.1673953682
0.0151874973
-0.1055727452
0.2811432481
-0.0953924432
0.0191526860
-0.2297607809
-0.0568929650
-0.0254573897
-0.0166942533
-0.0150456550
0.2157681882
-0.2780747712
-0.2135375589
-0.1959341466
0.1903218776
-0.1590536386
-0.1478298903
0.0951010436
0.1035861298
-0.1221000552
-0.0879673734
0.0152061805
0.1280947328
-0.1853304505
-0.0745171234
-0.1977887005
-0.2699388266
-0.4692361355
0.1870174110
0.1892337650
-0.0060793431
0.1227373928
-0.1931866854
0.0812836587
0.1562485993
0.0087734470
0.0255844779
-0.1599183679
-0.1557222307
0.0941018611
0.0262619890
-0.1261599660
-0.1706991345
0.1039733514
0.0662982315
0.2034931183
0.2012607455
0.0000069906
0.0448192097
-0.0076745204
-0.1727668941
-0.0824237391
0.1057369709
0.2668676972
0.1047696844
-0.0445679203
-0.0796030685
0.0973023549
0.0095347101
-0.1576603055
-0.0230457634
-0.1523616016
-0.1589818746
0.2220971882
0.0039457721
0.2554654181
-0.0680987313
0.0001586502
-0.3148896098
-0.1541843414
0.0298186578
-0.1219358370
0.0171497222
-0.1097245142
0.1702605188
-0.1460530758
0.0268670470
0.0175271723
-0.0009253692
0.0531137399
0.1127582639
0.0582919121
-0.0334883742
-0.2080108821
-0.3412513435
-0.2569885850
0.2460187823
-0.0782469362
-0.2486407012
-0.2253470123
-0.2231456935
0.0872553736
-0.1806646138
0.1276071519
0.0483211167
0.1135413051
-0.1199588329
0.0306720026
0.0258276239
-0.2419251949
-0.2551281452
-0.1018324420
-0.0068889279
0.1984859705
-0.2334224135
0.3025659919
0.0089747040
0.0228048805
-0.1398845464
-0.1189026982
0.1069556475
0.0596590787
-0.0871184766
-0.0283729844
0.3138271570
-0.1296285540
0.1205818579
0.0593435578
0.1758157015
-0.0788296014
-0.0104440777
0.2800290287
-0.3592039049
0.2229000032
-0.0051720003
-0.0692724660
0.0519988239
0.0393280201
0.4321083128
-0.0947470590
0.1468058228
0.1592119783
0.1532524824
-0.0183980837
0.0843496695
0.0363843851
-0.1696044505
0.1086577550
0.0848454610
-0.1140426770
-0.0591326468
0.2719542086
-0.0815652981
0.2085285187
0.0102157630
-0.0264418442
-0.0961399972
0.0858650431
-0.1122088283
-0.0816459209
0.1946501136
-0.0197144747
-0.0358298644
0.4732636809
0.0767633989
-0.0611259863
0.1884532273
-0.0885887966
0.0521702282
0.3448389769
-0.0772682950
-0.0087080570
0.1285053045
-0.1623592824
0.2474379092
0.0922088921
0.0570202954
-0.0505131707
-0.0902101099
0.2035837024
0.2010824680
-0.0670104176
-0.2117209733
0.1957088560
0.0870776922
-0.1226902902
0.1138308421
0.0738240406
0.0302010104
0.0771028921
0.0900468379
-0.1005084962
-0.1463904530
-0.1911398172
-0.1907066405
0.0462513566
-0.1603771150
-0.1952454746
-0.1374248862
0.0446833670
-0.1662478298
-0.1747988611
-0.1588778049
-0.1119952127
0.1365552396
-0.0158915985
-0.0398934744
-0.0378295071
0.0044404012
-0.1223961040
-0.1531497389
0.2002108246
-0.0315680839
-0.1989726126
0.1192048639
-0.0833367035
0.0624641627
0.1174232215
-0.1154969409
0.0682355389
0.0095232353
0.2052336782
-0.1563220024
-0.1459742337
0.1115676239
-0.0301394053
-0.1235406771
0.1857779324
-0.1531090885
-0.1482808739
-0.4220400751
-0.4156841636
-0.1945174634
-0.1229404658
0.0475266129
-0.4252769053
-0.2318151742
-0.0866011232
-0.2991898060
-0.2697683275
0.0239980128
0.0554521605
-0.2226123214
0.0798592493
0.0286113415
0.0947121829
-0.3531554639
-0.0158494506
-0.2021737397
-0.0280010253
-0.2708427608
0.2089927346
0.2502440810
-0.2474943250
-0.1492330432
0.0477760173
-0.3017359376
-0.0758814886
-0.4849890769
0.4276660383
-0.0993422270
0.1224125400
0.0632263571
0.0175760519
-0.1363169104
-0.1272406727
-0.2620171309
0.1007743999
-0.0607266128
-0.0582430437
-0.3832160234
-0.0003603628
-0.1357359886
-0.2438064069
-0.1870024800
-0.1891241223
0.0297908857
-0.0845082924
0.0243002176
0.0388873331
0.0843056217
-0.1226629317
-0.0676028877
0.0562008806
0.0855904892
-0.1038831398
0.1695716381
-0.1783183962
-0.1319715530
-0.1647872925
0.0849206522
-0.0080074975
-0.1043927744
0.1240364835
-0.0716875717
-0.1428723782
-0.0245277360
-0.1386847943
0.0748325959
-0.0338615924
0.1021160781
0.0139239868
0.0606801137
0.1720342487
0.1931851953
-0.1222810075
0.0247129183
0.1227224991
0.0377721414
-0.1372091770
-0.0130751673
0.0867958963
0.1536695063
-0.0294463541
0.2105271816
0.0237195715
-0.1958621144
-0.0337556563
-0.1396069825
0.1626253128
0.0544254892
0.1254590154
-0.1120500639
-0.0086173238
0.0063295038
-0.1004103795
0.1294485629
0.1988403797
0.2119677514
-0.1366608888
0.1356954724
0.2007462233
-0.0113318432
-0.2208493501
-0.0394717939
-0.0359920114
0.0588302165
-0.0783696398
0.1852220148
-0.1063877270
-0.1119879857
-0.2051690072
-0.0936204568
0.0458786264
0.1885028481
-0.0576978363
0.1021927819
-0.1527032107
0.0870306268
-0.1455729604
0.0324566104
0.0660603940
-0.0620293505
0.2028008103
0.0234034304
0.1703109294
0.1321942508
-0.0192864314
-0.0491873622
0.0590223745
-0.0098945284
-0.1036839187
0.0113070793
0.0203518923
0.0715092942
0.0347520150
0.0263813995
0.0971381664
0.1667201668
-0.0293685682
0.0926458910
0.1344064474
-0.1062521189
-0.1897548735
0.0000330803
-0.1814605445
-0.1186502725
-0.1099572778
-0.1742664129
-0.1580472291
0.1628850996
0.0634556338
0.1940324455
-0.0896301419
-0.0465913191
-0.1717455834
0.1129985973
-0.1556062996
-0.1760442406
-0.1074462011
-0.0798986629
-0.1160707846
-0.1216566414
0.0388656668
-0.0254828390
-0.1737449616
0.1832666993
-0.0639969260
-0.0128256725
0.0026812414
-0.1704831570
0.1860714704
0.0801354572
-0.0977163091
0.0018434364
0.0655436814
-0.1892991513
0.2274808288
0.2253841162
-0.1113387868
-0.1161881313
-0.0120712304
0.1823400855
-0.4233285189
0.2069790661
0.0285418872
0.1675871015
-0.1868999004
-0.1484685689
0.1823960692
0.0868314430
0.0016514321
-0.2343044728
-0.0848707557
0.2022334039
-0.0717978850
0.1347106546
-0.0536521040
0.0777687356
0.0733895153
-0.0622022972
-0.0328780450
0.1754186600
-0.0390745923
-0.0862861425
-0.1103596389
0.1851155311
0.1592810303
0.1494729072
0.1225540340
-0.0679735616
-0.2293344289
0.0492797643
-0.1174807698
0.1975213140
0.0796442255
0.0114444606
-0.0931330174
-0.0239952412
-0.0503053218
-0.2324205935
-0.0170262922
0.2890562713
0.0754761323
-0.1390619278
0.0315276422
0.1234135032
0.2028671652
-0.1355574578
0.0744837746
-0.0191958211
0.0386535600
-0.0997467190
-0.0154132480
0.0872796103
-0.0325654857
-0.0838655084
-0.3857071102
-1.2607784271
-0.5051091909
2.0347201824
0.7075075507
-2.2555811405
-0.9112515450
1.1937966347
-0.4675945938
0.2736582160
-1.0926221609
0.3458315432
-0.5602896214
1.0254164934
-1.1363340616
-1.1226202250
-0.6520066857
-2.2212328911
1.0295207500
0.9206032753
-1.3937053680
-1.0919766426
-0.1651757658
-0.6752618551
-1.9068551064
1.3657630682
-0.4380239248
-1.3963031769
-0.8233097196
1.0843759775
1.1030771732
0.0282824337
1.0869877338
1.0528807640
-0.7338178158
-0.1713645756
1.3997319937
-1.7529952526
2.0731284618
0.7411322594
-1.0689140558
-0.6275213957
-2.0725462437
1.7027184963
-1.2271884680
0.7119164467
0.9923402071
-0.6960958242
-0.7363174558
0.5421215296
-1.5340665579
0.6873666644
-0.9148882627
1.1315466166
-0.6281760931
-1.2176669836
-0.4826618135
1.2920165062
0.1166728213
0.4756998420
1.6262989044
1.5542271137
-0.3939466774
-1.5234719515
0.1449437141
-1.1885176897
0.5041459799
-1.3155759573
0.1675178707
1.2492239475
1.4503092766
1.3479970694
1.2765763998
1.0201472044
-0.6673434377
-1.1388717890
-0.6434206963
-1.0354939699
0.6889866590
0.8573910594
-0.8557097316
1.0841614008
0.5230334401
1.4309233427
-0.1649287045
0.0121670598
-1.2594841719
