72
0.14261159
0.01835591
0.01544135
0.05985033
0.01712928
0.01160585
0.05545314
0.06290879
0.09506945
0.10157027
0.03908871
5.26357269
4.97547483
0.10824913
0.28242108
515.01904297
3571415.75000000
0.89483047
8.52276516
0.21080050
1.23207760
0.16077115
6.27909231
0.15845807
7.95114088
4.76082563
0.11918984
0.13140605
2.59570360
0.57879806
0.61810350
0.11705235
0.12490713
0.07932210
0.16628517
0.02887093
11.46781540
0.87318462
0.13129757
0.14918330
0.06753891
2.44898224
0.07979380
0.14367953
10.34584332
0.06567957
0.19930983
0.06900189
0.07233418
3.23189068
0.65284824
0.25047553
0.09772804
0.15509872
0.31849298
0.15826140
0.22873533
0.15380992
0.06178736
0.00779127
0.00626364
0.02811719
0.00762918
0.00605773
0.02477318
0.02845534
0.04823073
0.04888557
0.01968843
1.83901954
2.00071883
0.03529416
0.12399085
202.49993896
812205.56250000
0.38122571
3.23972416
0.06133766
0.28522027
0.04284950
3.09070706
0.04285392
3.43349648
1.77360964
0.05108833
0.05507984
0.77218860
0.22374535
0.19186053
0.05372976
0.01872447
0.04257463
0.09018505
0.00867695
6.12708092
0.38122571
0.05738064
0.07181978
0.02154686
0.76985353
0.04646554
0.05423434
5.16466808
0.03077230
0.09530643
0.03183768
0.03269359
1.48050189
0.24266037
0.10442401
0.01400753
0.02599293
0.15161766
0.05707576
0.09802200
0.04398927
